113
1.8;2.7;1.02;1.1;27;55;0.38;0.42;0.14;0.22;Acrylobutadienestyrene (ABS) - High Impact
1.8;3.2;1.15;1.2;35;70;0.4;0.43;0.13;0.21;Acrylics (PMMA)
78;84;10.2;10.5;30;180;0.365;0.369;350;429;Silver alloys
68;88.5;2.64;2.95;30;325;0.33;0.36;91;160;Aluminium alloys (cast)
68;78.5;2.52;2.84;40;510;0.33;0.36;116;237;Aluminium Alloys (wrought)
7;9;1.85;1.95;35;50;0.4;0.45;0.15;0.2;Alkyds (ALK)
81;110;2.9;3.1;255;480;0.3;0.36;100;190;Metal Matrix Composites, Al-SiC(p)
4.5;6.5;0.26;0.35;14;24;0.015;0.23;0.18;0.25;Balsa, high density, parallel to grain
0.12;0.3;0.26;0.35;0.8;1.5;0.2;0.36;0.07;0.1;Balsa, high density, perpendicular to grain
1;3;0.07;0.18;9;16;0.015;0.23;0.12;0.15;Balsa, low density, parallel to grain
0.03;0.07;0.07;0.18;0.4;0.7;0.2;0.36;0.05;0.06;Balsa, low density, perpendicular to grain
3;4.6;0.18;0.26;12;20;0.015;0.23;0.14;0.18;Balsa, medium density, parallel to grain
0.07;0.12;0.18;0.26;0.5;1;0.2;0.36;0.055;0.075;Balsa, medium density, perpendicular to grain
13.3;31.9;0.37;0.913;132;377;0.03;0.05;0.1;0.105;Bamboo, parallel to grain
1;2.5;0.37;0.913;10;20;0.32;0.46;0.1;0.11;Bamboo, perpendicular to grain
17;22;1.8;2.1;120;160;0.31;0.41;1;5;Bone (compact)
103;120;7.2;8.9;75;640;0.3;0.33;35;180;Brasses
50;80;2.1;2.4;240;600;0.2;0.23;0.6;1.4;Brick
100;120;7.7;8.8;70;500;0.34;0.36;35;208;Bronzes
60;160;1.5;1.6;300;800;0.24;0.35;0.4;1.2;Carbon fibre/polymer (CFRP) laminate
200;240;1.48;1.55;500;1600;0.05;0.4;0.4;1.2;Carbon fibre/polymer (CFRP) unidirectional
200;235;8.5;9.1;345;1500;0.31;0.32;20;100;Cobalt alloys
25;32;2.4;2.5;25;30;0.12;0.22;0.5;2;Concrete
128;131;8.955;8.965;50;270;0.342;0.344;398;402;Copper pure
0.013;0.05;0.12;0.24;0.6;2.2;0.05;0.45;0.035;0.048;Cork
2.9;8.5;1.52;1.56;100;350;0.25;0.3;0.2;0.3;Cotton
120;150;7.6;8.98;54;960;0.34;0.35;30;401;Copper Alloys
0.02;0.1;0.85;1.34;25;60;0.48;0.49;0.15;0.3;Elastomers (EL), high stiffness
0.0005;0.003;0.85;1.34;5;15;0.495;0.499;0.08;0.2;Elastomers (EL), low stiffness
0.003;0.02;0.85;1.34;10;30;0.49;0.498;0.1;0.25;Elastomers (EL), medium stiffness
2.8;3.8;1.17;1.33;50;79;0.37;0.45;0.18;0.22;Epoxies (EP), rigid
2.9;8.5;1.47;1.5;150;338;0.25;0.3;0.2;0.3;Flax
0.005;0.025;0.2;0.55;0.4;3;0.27;0.33;0.08;0.15;Foamed polymers, flexible (high density)
0.0003;0.001;0.01;0.04;0.01;0.07;0.27;0.33;0.023;0.05;Foamed polymers, flexible (low density)
0.001;0.005;0.04;0.2;0.07;0.4;0.27;0.33;0.05;0.08;Foamed polymers, flexible (medium density)
0.4;2;0.3;0.8;2.5;8;0.25;0.3;0.1;0.2;Foamed polymers, rigid (high density)
0.025;0.1;0.04;0.1;0.8;1.2;0.25;0.3;0.025;0.05;Foamed polymers, rigid (low density)
0.1;0.4;0.1;0.3;1;2.5;0.25;0.3;0.05;0.1;Foamed polymers, rigid (medium density)
1;2.3;0.5;0.9;10;25;0.25;0.3;0.1;0.25;Foamed polymers, structural
15;45;1.5;2;150;750;0.24;0.35;0.4;1.2;Glass fibre/polymer (GFRP) laminate
35;45;1.6;1.95;300;1100;0.05;0.4;0.4;1.2;Glass fibre/polymer (GFRP) unidirectional
83;87;2.49;2.52;2800;3200;0.18;0.19;1.5;2.2;Glass Ceramic
68;72;2.49;2.55;4000;4500;0.21;0.24;0.9;1.2;Glass Fibres
78;79;19.3;19.32;40;200;0.41;0.42;310;318;Gold pure
7;25;1.9;2.25;11;150;0.22;0.3;80;240;Graphite
0.8;1.3;0.95;0.965;20;28;0.4;0.42;0.45;0.52;High density Polyethylene (HDPE)
3;10;1.48;1.49;200;400;0.25;0.3;0.2;0.3;Hemp
152;193;6.9;7.8;250;1000;0.27;0.29;18;34;Irons, Cast
193;214;7.9;8.3;300;750;0.27;0.3;18;26;Iron-based superalloys
0.1;0.25;0.91;0.93;6;10;0.43;0.45;0.29;0.35;Low Density Polyethylene (LDPE)
16.1;18;10.7;11.35;5.5;50;0.44;0.45;28;35.3;Lead alloys
57;58;3;3.1;1000;2000;0.19;0.21;0.82;0.86;Lead Glass
0.02;0.07;0.81;1.05;20;50;0.05;0.48;0.156;0.16;Leather generic
54;77;2.6;2.71;250;320;0.25;0.27;1.2;2;Limestone
0.3;0.35;0.91;0.93;10;16;0.43;0.45;0.3;0.35;Lin.Lo. Density Polyethylene (LLDPE)
35;72;2.68;2.71;40;50;0.14;0.27;2.51;3.77;Marble
0.45;0.5;0.935;0.945;7;11;0.42;0.44;0.35;0.4;Medium Density Polyethylene (MDPE)
6;10;1.48;1.8;40;62;0.4;0.45;0.17;0.55;Melamines (MEL)
40;45;1.74;1.88;80;220;0.29;0.305;51;80;Magnesium alloys (cast)
42;45;1.74;1.88;120;435;0.29;0.305;50;126;Magnesium alloys (wrought)
110;146;2.7;3;7000;8000;0.22;0.25;2;6;Mullites (Al2O3-SiO2 alloys)
180;234;7.8;9.2;150;1600;0.3;0.32;11;90.9;Nickel Alloys
92;110;7.9;9.3;240;550;0.38;0.397;40;53.7;Niobium (Columbium) alloys
1.5;2.8;1.04;1.15;40;58;0.38;0.42;0.24;0.28;Nylons (Polyamide, PA)
7.1;15.7;0.64;0.8;56;163;0.015;0.03;0.345;0.42;Oak parallel to grain
0.65;1.2;0.64;0.8;3.5;7.2;0.3;0.36;0.14;0.17;Oak perpendicular to grain
121;124;11.96;12.04;35;205;0.39;0.393;70;72;Palladium pure
2.92;11.7;0.176;0.8;18;49;0.1;0.35;0.3;0.5;Palm, coconut, parallel to grain
2;4;0.7;1.15;15;34;0.3;0.45;0.17;0.346;Paper
2.3;2.8;1.2;1.26;56;75;0.39;0.44;0.18;0.22;Polycarbonates (PC)
3.7;3.9;1.29;1.32;55;60;0.38;0.43;0.23;0.26;Polyether ether ketone (PEEK)
2.5;4.4;1.14;1.46;40;60;0.4;0.45;0.15;0.6;Polyesters (PES), rigid
2.2;3.5;1.32;1.38;50;72;0.38;0.43;0.15;0.34;Polyethylene terephthalate (PET)
6;9.5;1.24;1.38;40;50;0.4;0.45;0.16;0.36;Phenolics (PHEN)
2.5;4.8;1.33;1.43;52;72;0.4;0.45;0.19;0.42;Polyimides (PI)
8.2;16;0.4;0.66;53;185;0.003;0.015;0.24;0.391;Pine, parallel to grain
0.57;1.1;0.4;0.66;2;3.4;0.3;0.36;0.096;0.156;Pine, perpendicular to grain
4.5;8;1.18;1.7;12;15;0.25;0.3;0.4;0.6;Plaster of Paris
4.5;10.3;0.5;0.7;18;30;0.26;0.34;0.1;0.18;Plywood (Canadian softwood ply)
14;28;1.9;2;30;40;0.2;0.24;0.2;1.1;Portland Cement
1;1.6;0.9;0.91;20;33;0.4;0.45;0.12;0.22;Polypropylenes (PP)
2.5;8;1.1;2.2;25;60;0.36;0.4;0.2;0.8;Particulate reinforced (filled) polymers
2.5;4.1;1.04;1.08;30;40;0.4;0.43;0.12;0.16;Polystyrenes (PS)
0.3;0.7;2.1;2.18;15;30;0.44;0.47;0.19;0.25;Poly TetraFluoro Ethylene (PTFE)
0.002;0.03;1.02;1.25;25;51;0.49;0.498;0.28;0.3;PolyUrethane (PU), flexible
2.5;3.8;1.34;1.52;23;52;0.37;0.43;0.13;0.25;Polyvinylchlorides (PVC) - Rigid
62;64;2.41;2.43;1800;2600;0.22;0.24;1.1;1.15;Pyrex glass
57;100;2.06;2.64;800;1200;0.07;0.12;0.9;3.2;Sandstone
6;20;1.1;2.2;50;200;0.36;0.4;0.3;4;Short fibre reinforced polymers
0.003;0.05;1.4;2.3;5;20;0.46;0.48;0.2;2.5;Silicone (SIL) elastomers
107;113;2.32;2.34;3600;4000;0.4;0.42;100;150;Silicon pure
5;15;1.26;1.35;200;600;0.25;0.3;0.2;0.3;Silk
3;8;1.45;1.9;27;46;0.37;0.4;0.15;0.3;Silicone (SIL), rigid
69;74;2.46;2.51;1000;2000;0.22;0.24;0.71;1.1;Soda Glasses
7.3;11.1;0.31;0.545;21;70;0.015;0.03;0.235;0.27;Spruce parallel to grain
0.5;0.9;0.31;0.545;2.4;2.55;0.3;0.36;0.13;0.18;Spruce perpendicular to grain
210;212;7.8;7.9;185;965;0.275;0.285;14;16;Stainless steel 302 (EN58A)
215;215;7.8;7.9;185;277;0.275;0.285;14;16;Stainless steel 316 (EN58J)
205;215;7.6;8.1;185;965;0.28;0.29;14;16;Stainless steels austenitic
200;205;7.5;7.7;240;400;0.275;0.285;23;27;Stainless steels ferritic
196;211.4;7.8;7.87;190;1300;0.28;0.295;20;71;Steels, Carbon
196;210;7.8;7.82;400;1300;0.28;0.295;38;46;Steels, High Carbon
200;207;7.8;7.85;500;1600;0.28;0.295;28;39;Steels, low alloy
196;211.4;7.82;7.87;190;500;0.29;0.295;40;70;Steel, Low carbon (Mild)
196;210;7.8;7.82;250;600;0.29;0.295;38;41;Steels, Medium Carbon
200;210;7.8;7.85;600;1800;0.27;0.295;30;46;Steels, pressure vessel
9.5;13.2;0.52;0.81;95;125;0.015;0.03;0.36;0.4;Teak, parallel to grain
1;1.5;0.52;0.81;2.5;5.4;0.3;0.36;0.144;0.22;Teak, perpendicular to grain
95;125;4.38;4.82;172;1050;0.358;0.364;4;21.9;Titanium alloys
44;53;7.28;8;7;45;0.35;0.363;30;66.8;Tin alloys
0.45;0.5;0.94;0.95;20;30;0.4;0.42;0.42;0.45;Ult.Hi.Mol.Wt Polyethylene (UHMWPE)
3.9;5.2;1.2;1.315;40;200;0.25;0.3;0.2;0.3;Wool
80;104.5;5.6;7.2;160;421;0.248;0.25;108;115;Zinc alloys